0 13.773907 -14.683012 -13.525709 24.253992
1 17.55088 -6.6965675 16.056793 24.712305
2 -17.621048 -0.1219883 -14.119892 22.58069
3 -15.823118 -4.7024927 2.0666332 16.63597
4 14.233555 -7.5381002 4.474514 16.71641
5 -11.218646 12.846905 -14.555229 22.422215
6 -11.452539 -9.342104 19.675804 24.608389
7 0.72452545 -19.521502 -1.620575 19.602045
8 3.177225 3.9062004 -0.7448025 5.0899796
9 -13.95987 -18.864836 4.716793 23.937588
10 8.543682 11.120226 19.391384 23.930727
11 4.8630733 7.2692375 1.8985023 8.949615
12 -11.18733 -9.963295 18.404087 23.730444
13 14.85252 -2.1399136 0.14832497 15.006618
14 -6.0908937 -18.1956 1.8905525 19.2809
15 -13.237373 -19.34622 16.277405 28.538713
16 -16.827118 0.78845596 -11.854436 20.598572
17 11.8588085 -19.977692 -5.027747 23.770102
18 -1.7567081 11.365746 13.708302 17.893677
19 -13.250077 15.622398 4.247555 20.920458
20 -16.72818 14.141335 7.1021557 23.027157
21 14.257423 9.570366 -9.117894 19.442274
22 -8.355826 -1.1034908 -11.296414 14.0942
23 -15.633158 16.4845 10.7808075 25.146774
24 -8.750164 11.721516 -0.22329712 14.629052
25 3.8182755 9.989941 18.99049 21.794882
26 0.96055794 -18.166922 -16.253017 24.395088
27 0.82974625 -19.948494 13.55698 24.133434
28 -11.050457 -4.075926 11.137894 16.210442
29 19.893845 0.41436195 -3.5108585 20.205515
30 13.318958 -11.221743 12.236847 21.285267
31 -0.7581253 -19.000696 19.207882 27.028576
32 3.963234 -11.483025 -13.8127575 18.394547
33 2.8171558 -8.526591 16.893219 19.131649
34 -3.706335 -9.273714 -17.018496 19.732407
35 6.842127 10.172417 10.40373 16.078878
36 1.5867977 10.915718 6.947277 13.035931
37 -10.879783 -1.706583 18.283306 21.343884
38 4.9075108 19.940857 -1.360611 20.580881
39 -16.164452 -11.122374 -13.467803 23.798706
40 6.357113 13.284725 11.116806 18.452105
41 -19.031967 -1.2480412 17.24659 25.714165
42 -10.919821 6.0651817 9.672329 15.798191
43 -17.95061 -8.829423 -6.2561264 20.960014
44 2.6877632 -15.777235 -10.480711 19.130878
45 -0.22589684 -7.911111 0.16991615 7.9161587
46 -2.4546452 8.487768 0.65522003 8.859842
47 -3.4058533 1.040966 -0.49236488 3.5952566
48 -8.53496 -16.369604 8.153561 20.181429
49 6.537382 -17.128647 -7.706461 19.887619
50 8.149876 8.549156 -17.90557 21.45036
51 7.7282734 -17.729446 3.905758 19.731052
52 -8.2781315 -10.621155 -11.696158 17.836382
53 15.119419 -7.764866 2.095169 17.125412
54 -0.6344261 4.658966 -16.196661 16.865356
55 18.812916 9.927942 16.196388 26.735983
56 -14.587324 7.0761776 -7.117708 17.70661
57 -1.3774319 -9.259343 -0.60821724 9.380974
58 -2.5614948 14.871811 -1.1908855 15.137709
59 5.626337 18.46342 -18.86161 26.987291
60 2.6143684 -5.5031223 -8.740488 10.654361
61 3.5538483 -17.176355 16.082901 23.79741
62 11.980194 14.239918 -5.579273 19.427523
63 19.01728 -4.28561 11.486553 22.626629
64 12.6886215 -15.713362 -1.7533588 20.272768
65 2.7192154 0.4232521 -1.36446 3.0716486
66 -17.302113 -13.895297 -8.206901 23.66
67 -17.989681 -16.308165 -0.35015488 24.283894
68 2.5987072 18.915417 -17.3023 25.766563
69 -13.509393 -11.098013 -6.6494703 18.705214
70 3.4564686 17.668392 15.385174 23.681698
71 13.301315 -8.842568 13.27824 20.770838
72 -19.512714 4.64073 -9.524894 22.20374
73 10.529266 -16.533081 8.922153 21.53632
74 12.542961 -17.0693 -6.841607 22.259705
75 14.884331 -17.205551 6.505371 23.66208
76 19.521778 11.977921 -3.7313004 23.20545
77 16.661991 -6.653453 -4.8690596 18.59027
78 8.55694 14.362095 8.302856 18.666237
79 12.938507 -15.737029 -3.2840824 20.635994
80 14.606686 5.6516438 -2.908577 15.929726
81 2.5207558 12.757122 -13.076152 18.441368
82 10.153107 10.279446 12.36013 19.01382
83 -3.0209541 -13.884695 3.6609745 14.67357
84 -3.730713 -0.93217087 19.788353 20.158524
85 14.88451 0.10702896 -5.7056417 15.940968
86 4.930952 3.7429028 1.9382248 6.4869347
87 -17.05767 4.9794292 -8.844466 19.849014
88 8.315088 -0.37892532 16.130623 18.151619
89 -16.144913 -1.3999481 -15.014678 22.092049
90 -6.846838 11.161345 3.81563 13.638689
91 3.5545654 -16.246925 19.41291 25.562838
92 -7.741621 -0.55057716 -13.308454 15.406193
93 1.2878685 13.19899 13.999584 19.283678
94 3.9565487 0.43561745 -17.307957 17.75977
95 9.1798935 -2.5505714 -6.253625 11.396652
96 10.82056 -12.684927 1.3976479 16.731567
97 18.010345 -19.349285 -13.571688 29.714611
98 13.763832 15.933815 7.331623 22.29534
99 9.568186 1.1958218 7.248049 12.062935
100 15.980759 11.47974 -8.829375 21.566801
101 8.355091 -0.86125946 -15.830046 17.920368
102 7.1239758 4.569832 19.566742 21.318813
103 -8.070505 12.885567 13.705566 20.469818
104 16.08657 4.3783474 8.671228 18.791964
105 12.585487 -9.581948 -0.99770355 15.849404
106 3.7343693 -10.49112 6.3624268 12.82535
107 -2.3597317 1.9386444 -15.568503 15.865212
108 -8.376861 -11.789099 18.912624 23.808443
109 10.132101 -14.801359 -9.901901 20.488712
110 -7.2866344 -18.18377 19.752014 27.818817
111 -8.356214 12.202465 2.39785 14.982528
112 -14.151421 6.941021 8.186188 17.761028
113 -7.452482 0.15446663 -0.18746185 7.4564395
114 16.312035 -0.8686943 -15.343923 22.41145
115 -17.570118 13.334881 -7.02141 23.147966
116 -12.710331 17.980446 -17.130852 27.898298
117 14.92395 16.296642 -4.3218136 22.516281
118 19.607437 12.81628 -19.947739 30.767204
119 -7.099103 -13.735596 -5.7875633 16.509384
120 -13.962139 -10.358561 17.670372 24.78877
121 19.21 -9.141837 11.454535 24.16203
122 -1.35849 -14.261719 -0.822382 14.349858
123 -15.924372 -16.6972 -19.71888 30.351545
124 -0.73587036 11.645676 11.895887 16.663595
125 -5.915884 -7.8458033 10.672903 14.507418
126 18.205124 -8.886679 -2.6232033 20.427452
127 -11.961888 14.033321 11.497992 21.73073
128 -15.484209 16.393524 0.3815689 22.553358
129 -8.883968 -8.778147 -15.805544 20.144379
130 9.34267 16.44487 13.638039 23.317705
131 1.2524948 0.49528122 -11.999144 12.074497
132 13.50972 18.71468 17.436405 28.927149
133 -14.977026 -8.126013 17.301773 24.283632
134 -14.811881 -10.52526 -14.752722 23.405464
135 19.170067 -2.1964893 14.961754 24.416595
136 8.433905 3.139574 -0.36458015 9.006697
137 -14.359484 9.467413 19.646488 26.111515
138 -14.519957 -18.3056 -11.823948 26.186443
139 -11.490718 19.932262 -2.793375 23.176163
140 -16.721249 9.467964 -7.70378 20.702433
141 8.303322 15.219429 14.780174 22.782225
142 8.172939 6.499237 -12.833509 16.544968
143 -4.957923 19.85381 -14.324977 24.979185
144 19.215012 -9.737028 9.304443 23.464848
145 2.8053665 16.45499 -4.5488224 17.301115
146 -5.328909 14.667194 -15.506798 21.999651
147 -4.040495 -5.311779 4.397846 7.9925995
148 -11.545132 -3.233202 6.622612 13.696812
149 -13.610466 -19.484167 -10.285119 25.89713
150 -19.460281 10.827787 -17.018047 28.027798
151 -14.689041 -17.704391 5.1107635 23.565512
152 4.4155617 -16.297108 18.550018 25.08378
153 18.887688 9.705503 15.539391 26.313765
154 -14.7013855 -9.161925 1.8873787 17.425093
155 12.549244 -5.4135227 11.321447 17.74725
156 -16.512733 19.187527 -2.6695633 25.455023
157 -1.3450775 9.678318 4.07839 10.588311
158 12.453636 -5.446677 3.1723042 13.957895
159 14.080269 -9.688411 6.4650383 18.273369
160 -6.462755 -6.6224775 -10.819256 14.236597
161 13.119823 -10.689544 -15.90575 23.22475
162 14.765953 11.551014 18.780468 26.536112
163 7.636341 13.718266 2.7618427 15.941527
164 -15.532951 -7.289996 -1.5884094 17.231937
165 -8.342656 8.157463 -10.467387 15.67515
166 -19.303425 11.327126 -8.711025 24.016827
167 3.1960773 -0.08783722 7.128998 7.8131447
168 2.9858208 3.6350937 -13.666525 14.453475
169 7.27689 -16.527311 10.394062 20.836065
170 -9.66125 19.016369 -10.948945 23.975851
171 -1.8155899 -3.9088535 -4.0210285 5.8944187
172 1.9860477 0.17934418 -4.097371 4.556863
173 13.646309 -17.417923 -6.052991 22.940018
174 9.149258 5.683689 5.9576435 12.308808
175 -14.334574 6.616436 -18.040104 23.972956
176 -14.013668 19.318356 14.425972 27.8871
177 -11.25382 17.177513 11.297302 23.438099
178 1.6967697 12.666233 16.773777 21.08725
179 19.709274 10.9519005 -18.264261 29.016941
180 -18.986147 2.7545662 -10.265202 21.75858
181 -14.5620365 -15.403341 10.672665 23.73229
182 13.328739 -14.611354 -7.1262436 21.022139
183 9.260378 2.6691742 -16.350782 18.97965
184 17.416706 0.32254982 1.6437187 17.49707
185 11.025885 2.4548244 0.8220768 11.3257265
186 4.9087334 -16.87671 18.181854 25.288315
187 -3.9041367 6.390831 -0.99316597 7.55456
188 -17.983744 -1.1205711 19.552258 26.588747
189 9.319599 12.969116 10.571423 19.15223
190 -2.0421715 19.6194 -14.4893265 24.475128
191 12.87286 -6.759019 -5.608547 15.583666
192 18.779877 -3.0354729 16.727234 25.331762
193 -12.448914 4.1678543 6.538294 14.666142
194 5.284939 -0.2708912 14.992119 15.898666
195 10.515636 -18.503078 17.192802 27.359367
196 -11.240744 -8.826531 11.626919 18.424093
197 6.1863365 -10.872152 -1.2756519 12.573852
198 13.360405 7.499546 -18.462646 23.991936
199 -3.1647453 4.872574 6.98818 9.088028
200 5.4388733 15.131889 -0.74045753 16.096699
201 6.049635 15.423779 6.5532722 17.816744
202 15.376629 -15.098881 -5.0700645 22.13871
203 -17.861023 -11.1367445 11.646959 24.056078
204 3.4201622 -15.254878 -10.102734 18.613813
205 3.1595516 12.9220085 -7.3770924 15.211265
206 19.054588 -10.361185 -8.496092 23.2941
207 11.639021 -13.648006 -6.875904 19.20971
208 -12.587482 11.000788 -8.237553 18.636505
209 5.679476 14.416878 11.537912 19.319063
210 -5.0146885 19.067242 14.23447 24.317215
211 -11.455948 9.235704 5.0600643 15.560887
212 -6.83482 18.034752 -19.968748 27.761806
213 -8.996612 -6.078314 12.657429 16.676193
214 -14.753489 13.298515 6.3150024 20.842148
215 8.372044 -12.542448 -19.738705 24.8399
216 -7.2323713 12.456478 16.020931 21.543938
217 2.0606575 -11.831404 12.387844 17.25361
218 -7.5068426 5.2905865 -10.508621 13.956149
219 15.512413 18.248615 -19.514772 30.89455
220 12.147018 2.0101738 -19.66882 23.204596
221 19.857422 -17.68772 -2.4478474 26.705141
222 2.5614166 2.056057 1.618967 3.6618683
223 -2.602354 -10.099459 11.380646 15.436658
224 14.907272 -17.84283 9.149754 24.986223
225 -14.881172 0.029115677 -9.732418 17.781172
226 7.766283 -2.2162533 1.9488811 8.308132
227 -10.062381 -11.631601 9.87818 18.27906
228 7.060543 5.5434513 -3.8477554 9.766593
229 -14.494043 15.056728 -12.758572 24.485985
230 -19.40255 0.58665466 -7.2717667 20.728765
231 19.19952 -1.4576855 7.580414 20.693214
232 -9.9825945 5.364002 -6.9835587 13.311454
233 -5.834737 1.5700932 19.35466 20.275902
234 -7.9092236 -19.24462 -5.68779 21.569935
235 -7.2359943 9.34374 0.4126053 11.825199
236 -9.411651 8.5177 -1.3106079 12.761194
237 19.705246 5.2786217 7.6513634 21.7877
238 -10.62292 -19.425627 13.672508 26.021893
239 19.841228 -4.658102 10.358498 22.861992
240 -7.633294 19.719376 0.09166908 21.145433
241 -19.953545 4.7228794 2.0388565 20.605982
242 -9.498406 7.488926 19.542973 22.983288
243 -14.924708 4.0512886 19.905907 25.207241
244 -15.101763 10.308229 2.0244102 18.396223
245 9.476776 5.54665 6.3424397 12.680739
246 -17.365828 -8.797424 -9.008712 21.450489
247 6.998987 -8.918992 -12.071835 16.5609
248 -17.529629 13.366516 16.546787 27.563524
249 2.0493965 -13.692251 7.855091 15.917921
250 4.3050365 -2.638733 3.6912422 6.2547197
251 8.802696 10.362343 16.68357 21.522247
252 6.879778 8.428535 4.35322 11.718451
253 9.111633 -13.987918 -4.5773706 17.309998
254 -18.32679 16.9427 -15.557974 29.410488
255 -6.517066 18.057114 19.66809 27.48391
256 12.170128 9.102509 -7.219487 16.82524
257 -7.1874523 15.185528 -9.668137 19.383823
258 3.6428738 15.958763 -16.275024 23.08309
259 -9.767405 -9.574424 -17.010725 21.827427
260 -12.184109 -17.948277 3.5173683 21.976465
261 13.176716 9.879368 16.622135 23.399212
262 -1.3544044 -11.981733 -14.380043 18.766512
263 1.6065483 7.1253166 -4.4054947 8.52992
264 16.62217 -14.992914 14.614635 26.733341
265 -11.996973 -6.199978 0.2976246 13.507615
266 6.212385 12.261265 -19.51455 23.869436
267 -18.692327 15.726421 17.45438 30.022972
268 3.961975 -6.0317097 -8.00193 10.775419
269 -14.245937 -14.560162 10.31765 22.83416
270 -10.348127 18.926044 10.570915 24.021305
271 -4.204379 -2.147768 6.6698837 8.171723
272 -5.5163155 2.7364254 -8.414346 10.426839
273 13.893055 0.7546768 -9.558101 16.880278
274 14.919933 15.509125 14.201893 25.784319
275 6.0487347 12.402222 8.93206 16.437275
276 -2.2806206 -19.96985 1.590807 20.16251
277 -17.185623 -0.124261856 6.7579193 18.467012
278 7.300209 -0.08012581 -3.723896 8.195539
279 6.217268 -17.866194 12.582722 22.719599
280 19.559029 14.469727 -10.844953 26.637222
281 -2.304266 17.543064 -8.055901 19.441355
282 15.895878 18.20277 -13.23343 27.552559
283 1.471508 3.381796 5.06151 6.262648
284 0.058380127 14.332657 8.883484 16.862524
285 4.790695 -0.40956688 19.433819 20.019785
286 6.1535606 2.2505283 -4.8237114 8.1363
287 18.6044 9.560604 7.7451134 22.30506
288 14.982681 16.21576 0.9896774 22.100023
289 -8.72002 0.7784729 8.50643 12.206724
290 11.252668 0.819685 19.634491 22.645256
291 18.210976 -2.6093884 -3.6022644 18.74633
292 -8.264675 11.575697 -14.290895 20.162622
293 7.6481647 -14.007713 -2.4085827 16.140375
294 0.878788 8.135054 -11.668831 14.251771
295 -1.865118 19.942848 1.2305946 20.067642
296 11.868124 -3.621994 -13.716177 18.496073
297 -13.509274 -9.410826 16.811234 23.530441
298 4.404701 18.663689 -4.718315 19.748346
299 3.7535744 -12.361099 -17.824146 22.013319
300 0.98955345 11.680008 -9.902061 15.344465
301 -4.3035326 15.815468 -4.4867697 16.993544
302 -2.945116 15.771317 8.68149 18.242159
303 -6.164072 3.3077278 3.7692165 7.9463096
304 -16.217306 -4.479248 -16.040443 23.245655
305 4.1101723 -6.471407 19.06649 20.550028
306 -3.1030903 3.2896614 -7.652958 8.889252
307 1.6885185 18.200878 12.241882 21.999699
308 0.46037483 2.728403 -9.772296 10.15647
309 0.4995556 -2.266838 14.65937 14.84201
310 16.155285 -15.723967 -8.6508465 24.146915
311 1.23629 -13.945503 -19.073763 23.660387
312 10.964382 -8.192991 -13.973503 19.560204
313 -9.1823435 -12.438866 -11.644668 19.355597
314 -17.030882 -5.148493 14.974472 23.25495
315 -2.0085602 -7.717474 10.645714 13.301313
316 19.254402 4.329525 18.550201 27.084806
317 -10.519869 -18.525726 -18.255718 28.05604
318 9.516029 0.17939568 -14.918783 17.696245
319 -5.4039345 -18.074104 -15.825345 24.623512
320 9.586033 10.951765 1.2226295 14.605753
321 1.3264999 10.466415 -19.528223 22.195877
322 19.410194 0.8262749 -9.790706 21.755373
323 -18.58092 -3.9622498 -6.4892635 20.076366
324 -9.51116 -19.52402 -4.508587 22.180552
325 10.32576 -0.98807716 -12.063787 15.910141
326 4.804455 10.3496 19.637352 22.711727
327 -7.0136185 11.256714 -6.0738935 14.58755
328 5.3552513 -13.311898 -11.562892 18.427855
329 18.117546 4.507311 18.0364 25.959064
330 -15.51638 -11.627664 11.0995655 22.341911
331 -1.0877953 -6.923505 -3.430132 7.802821
332 5.057356 -8.529097 -9.338142 13.620691
333 -17.03772 -9.11448 16.991531 25.730717
334 -14.167457 -4.926508 13.403252 20.115528
335 -10.1691475 -8.883667 -9.435086 16.472765
336 11.475737 -14.694693 4.3829746 19.15299
337 -10.664675 9.549301 -5.1936674 15.228218
338 -6.732132 6.879101 8.555811 12.878103
339 -14.3868065 7.395918 17.862053 24.098396
340 -12.530853 -5.8281765 4.8157234 14.634928
341 -11.166203 -17.659925 -6.4180517 21.857456
342 -6.271757 12.897831 7.5014477 16.1852
343 9.734385 14.6596985 -10.53362 20.509075
344 -8.5174675 -3.1512794 11.337734 14.526597
345 -15.71821 -18.59262 -16.68445 29.514717
346 -3.1391087 -18.826822 4.9333076 19.713974
347 -6.081478 -8.682682 18.662476 21.463022
348 -10.280308 15.837078 3.3910255 19.183243
349 -14.252574 -7.771208 5.2367554 17.05729
350 -4.81351 10.195751 17.051231 20.441813
351 -9.506722 -15.823729 16.175732 24.544294
352 -16.73599 -6.2876263 -6.0537386 18.875257
353 -3.3445625 19.50621 -16.403187 25.70492
354 11.282213 -5.817873 -16.747166 21.014364
355 -16.425837 13.140701 15.452965 26.101345
356 -18.547663 -14.452454 6.8987865 24.504744
357 -18.11284 18.043968 -11.071232 27.860939
358 -18.926188 15.473042 -3.287918 24.666292
359 13.61055 17.367203 7.537424 23.316938
360 2.8069344 14.313118 -19.905565 24.677435
361 6.305233 -8.453226 10.352564 14.777976
362 -3.393341 -6.942683 16.246193 17.990396
363 11.31546 14.340866 14.654106 23.418858
364 -9.205877 4.0320816 -13.561055 16.879221
365 -4.006071 11.743286 3.5749454 12.912536
366 -11.330408 13.781883 1.7147236 17.92369
367 -13.195602 10.874023 7.622448 18.720844
368 17.937305 12.610039 2.4020653 22.057423
369 -15.806182 9.189449 1.7622585 18.368095
370 -2.4718304 -8.229861 13.82872 16.281096
371 -10.334635 -12.992894 11.167585 20.008371
372 -13.760737 -0.968153 -13.347077 19.194782
373 -19.06109 -3.444992 -6.579175 20.45675
374 -19.045315 -7.762841 9.816975 22.789444
375 -12.621574 -7.706609 -19.272943 24.292845
376 -2.2228203 -11.106891 -9.534101 14.805507
377 9.1221695 -15.836478 14.133739 23.103477
378 7.3085823 -11.13105 -16.3219 21.064663
379 11.528185 15.025757 -10.997578 21.90021
380 -19.397875 -0.025222778 18.54103 26.83371
381 -1.217968 12.156059 0.19111443 12.218418
382 18.660702 -11.152228 -16.04279 27.017866
383 17.688194 -2.7253227 11.382601 21.209978
384 -0.9405346 18.173462 -18.321085 25.822886
385 11.386938 -10.1514635 -2.6641521 15.485873
386 17.7132 -8.627798 -7.897215 21.226454
387 -17.91174 -14.576922 -0.5755806 23.10083
388 13.616451 13.393051 1.4885311 19.157173
389 -10.646339 13.026707 -3.5383472 17.191845
390 -16.185455 10.722216 3.828331 19.788658
391 -4.9588985 6.8981705 -6.538348 10.720327
392 8.679821 -15.8237915 14.792053 23.335306
393 14.41172 12.755775 9.128149 21.300951
394 12.135822 17.87984 -2.2774296 21.729095
395 4.954302 19.99461 -1.4494133 20.650188
396 7.0540924 16.75092 14.006264 22.946218
397 10.613235 -19.086475 14.876221 26.42416
398 12.2595825 -3.9765663 14.533421 19.425003
399 -12.56546 -14.45095 6.738035 20.300783
400 4.104788 -9.314386 -15.044376 18.164259
401 1.2594986 18.642967 -11.756884 22.076479
402 -2.9831352 19.068932 -6.5845394 20.393122
403 -18.288958 -6.9468784 1.5645885 19.626335
404 -19.677084 18.40205 -4.6279097 27.335701
405 14.810135 6.1394997 -17.287323 23.577215
406 3.1636734 16.092537 19.569046 25.532845
407 -15.632202 17.02039 -5.5611477 23.76943
408 11.7673 11.258785 -4.216939 16.822966
409 9.894382 -2.1498337 -17.029106 19.811892
410 -2.7666206 2.6612244 15.286308 15.760949
411 18.12006 17.606922 8.69128 26.718506
412 -5.7224855 11.338083 -16.43258 20.768454
413 -10.518557 -17.197086 -1.6522121 20.226458
414 -3.2682953 -9.246664 -1.1448555 9.873866
415 14.658005 -12.109893 19.87133 27.502296
416 -0.88565445 18.285126 -15.183327 23.783684
417 15.189308 9.664547 -3.797821 18.39951
418 10.360306 -10.123598 -11.00738 18.193008
419 -15.939562 10.964855 15.5613365 24.828468
420 9.109858 -0.17701149 2.862156 9.550537
421 -8.710494 11.965029 -3.6241856 15.237103
422 19.69611 -15.738621 11.639881 27.769186
423 -11.14032 13.800228 -16.614323 24.302032
424 10.296749 5.588827 -18.703686 22.070023
425 -8.002188 -3.3956718 19.101074 20.986105
426 -15.847349 10.993727 -16.394285 25.313496
427 -16.186913 9.227724 -11.048466 21.661846
428 1.9124985 -3.0480614 3.2766705 4.8667135
429 13.2383 16.321766 15.632801 26.19231
430 -17.365667 17.11393 -16.256695 29.304148
431 4.8441696 12.117668 6.2197914 14.456475
432 5.3294067 15.17886 8.071255 17.998486
433 18.406368 17.508938 -2.5136395 25.527939
434 -14.942232 -4.2702913 -3.3785076 15.903458
435 -2.5999756 -16.355816 -17.973501 24.440117
436 -6.622596 18.809734 -11.808074 23.175322
437 -6.8257723 7.7431126 18.937424 21.56787
438 -1.2979393 1.8957996 15.286011 15.45771
439 -16.544413 7.4489784 -17.873106 25.468662
440 16.300045 -14.18948 -2.1782532 21.720442
441 -13.017106 2.9837914 -1.684988 13.460582
442 -19.14744 0.21640015 1.9950218 19.252308
443 16.381424 -9.047672 -17.920996 25.910877
444 -2.6610966 5.8455257 -7.789667 10.096065
445 5.898611 -17.14962 3.8616714 18.542265
446 13.646866 19.680714 4.5942726 24.385954
447 16.41521 -6.6787157 1.3507614 17.773264
448 15.659195 -9.2207155 0.3530426 18.175714
449 -13.758356 13.583992 19.692036 27.596983
450 -11.691599 0.7071209 -6.9139967 13.601355
451 17.293251 -2.610609 -13.7403965 22.241184
452 4.336769 -10.491028 7.0423527 13.35904
453 -19.031391 -16.511414 -5.713629 25.835367
454 -7.171444 3.104519 14.950489 16.86964
455 -6.585947 16.105274 2.9059944 17.640842
456 -10.628555 -10.639097 10.356003 18.259336
457 -5.5294075 18.030209 -5.405306 19.61836
458 14.620823 9.030918 14.943966 22.773846
459 0.26135445 -1.9379654 -7.0744505 7.3397455
460 -11.34564 9.451773 -18.079313 23.343546
461 -10.470676 -14.422956 15.480305 23.60713
462 -19.906862 -8.632642 -2.2657185 21.81603
463 6.2095623 -7.238778 -5.4110527 10.965311
464 15.550915 -8.288998 -1.2116222 17.663704
465 -9.419045 19.618107 7.3560886 22.971735
466 -17.34101 6.149824 -12.399501 22.187351
467 -8.762291 13.885788 -7.611641 18.097788
468 -3.6167412 -7.1004944 6.183998 10.086609
469 -11.054142 -15.4939165 6.8940716 20.243114
470 -12.322181 10.767544 8.08013 18.250057
471 10.934139 9.616108 11.191498 18.365036
472 -18.793278 15.602459 -17.118176 29.8271
473 10.596388 2.6156464 -18.192408 21.215296
474 13.164162 18.869568 13.752998 26.804863
475 -16.606937 -11.57507 -1.1156235 20.273561
476 17.503815 3.832283 -16.506529 24.362581
477 -14.867872 2.819847 -3.6626472 15.569847
478 2.1720142 -15.046375 13.980892 20.653725
479 -11.393901 6.2672596 -0.058582306 13.00396
480 -14.87409 5.192913 -18.323864 24.16545
481 19.828693 18.696785 -16.553473 31.886742
482 12.413761 9.321926 -13.409143 20.513529
483 -0.5492573 17.35154 19.915218 26.419567
484 -15.212187 -11.97056 -1.5824852 19.421873
485 -8.676014 5.18824 -0.6538334 10.130081
486 -11.073148 11.429625 9.861626 18.721714
487 18.004242 -13.802516 11.373184 25.37738
488 15.992348 -11.55494 7.8761387 21.24395
489 12.877964 0.7661133 15.753788 20.361992
490 -19.681688 -14.620401 -19.954666 31.611923
491 6.9845047 8.00798 5.9647007 12.185594
492 9.395388 8.898432 -12.300102 17.853514
493 -11.316061 0.57406235 7.2366295 13.444388
494 11.705639 18.259907 -2.8014526 21.869942
495 -2.233469 -11.634013 -12.408712 17.155605
496 -7.1462173 8.809603 9.281094 14.65661
497 -9.9791 3.4721012 15.762901 18.976484
498 -18.61377 10.13438 -2.1035614 21.297958
499 14.224113 -3.3541412 8.147001 16.731686
500 -17.506466 17.158707 -18.66883 30.812706
501 -3.7113 8.079233 16.932148 19.12447
502 -10.076355 11.347282 -15.8836975 21.96783
503 -4.939617 19.188953 13.889393 24.197748
504 -19.5628 17.490372 15.245934 30.348883
505 10.380554 6.7131157 -9.652193 15.683962
506 -18.930044 -3.8880272 4.38323 19.816053
507 -14.41558 -6.0281353 18.949047 24.56041
508 1.7342548 10.880606 0.28892517 11.021737
509 -5.7378407 10.800764 3.6812801 12.77228
510 8.125053 18.46025 2.4969196 20.323189
511 2.9056473 16.04699 6.4682503 17.543858
512 6.2540455 12.000107 -1.2787151 13.592305
513 -18.755623 11.226402 3.6423073 22.160141
514 -1.5999432 0.27375793 -11.879929 11.990308
515 10.257185 14.994064 4.3027687 18.669376
516 12.801571 -1.595604 17.971344 22.122282
517 -9.330569 -16.774464 -12.778906 23.059546
518 13.065449 12.426449 11.9414215 21.626839
519 17.166058 -9.947918 15.146706 24.961115
520 -17.07333 9.19334 -4.103404 19.820545
521 16.948448 -2.9173641 -10.308397 20.050535
522 -7.7376747 -0.8509464 16.730862 18.453115
523 16.784546 7.340601 9.525671 20.648094
524 -7.8686953 -4.5882874 -17.747398 19.948406
525 7.683401 6.297127 13.999336 17.16595
526 2.7339382 14.70409 4.026129 15.488524
527 -2.2202682 -0.93507385 -5.177471 5.7105308
528 -13.478335 10.643299 9.618313 19.683933
529 14.066696 -2.8729706 17.816593 22.881365
530 -12.937756 7.65292 4.5297813 15.699414
531 -1.695219 -17.67637 1.4454956 17.816208
532 -4.2558823 -11.964423 3.4440575 13.157563
533 -18.959843 13.887054 -14.848044 27.799107
534 19.252914 -4.4568777 11.788334 23.010939
535 -15.76395 -13.86818 11.087105 23.743471
536 -6.858264 11.736111 6.504774 15.069312
537 16.578796 -15.413375 12.380318 25.80118
538 19.10627 11.827499 13.687054 26.311113
539 -2.560978 -18.175442 -6.067196 19.33174
540 -19.652752 -0.26334572 -7.5779104 21.064774
541 5.1070557 -16.173792 0.38442802 16.965298
542 -19.021639 -10.21108 5.94969 22.39392
543 -3.8775616 1.888504 2.7485352 5.1143303
544 -19.730692 -3.1900482 -9.17244 21.99114
545 19.422775 -6.28028 2.157812 20.526623
546 -9.098931 1.1348896 17.123978 19.424446
547 0.020065308 8.4540825 -0.32571793 8.460379
548 7.205145 -5.0191126 -12.786016 15.510894
549 2.8248405 2.0325394 -12.480761 12.956864
550 15.587635 -19.571554 16.861649 30.171762
551 12.741257 10.785549 -12.256359 20.709564
552 18.528461 8.59976 -2.8584213 20.625961
553 9.188587 2.0846462 -10.133733 13.837212
554 19.326462 -11.149948 -7.654004 23.588497
555 -3.5955276 -11.225492 -19.286293 22.60311
556 9.114231 16.139061 -11.146748 21.628418
557 6.1281967 5.5129547 -14.483672 16.66506
558 12.248123 -9.950216 -5.5733786 16.735765
559 17.716839 6.989086 -16.582502 25.252981
560 3.7468548 9.56846 -16.099977 19.099833
561 -11.763707 5.1299114 -6.9661713 14.602341
562 -14.579718 -7.700776 15.688751 22.759768
563 -14.8139 4.3348103 6.782978 16.859745
564 8.634296 -1.9439278 6.7794056 11.148554
565 16.52985 18.444424 14.45443 28.676876
566 11.884338 -13.518159 5.029459 18.688862
567 5.184433 -18.212614 -10.085992 21.454718
568 11.706753 6.8510838 16.169395 21.105326
569 1.6183128 -8.5683155 -17.415201 19.476248
570 17.248463 -0.6508045 -2.1634521 17.39579
571 8.745831 -12.826649 19.597004 25.0011
572 13.517052 -9.914756 -1.8633385 16.866686
573 11.471775 -16.166851 -4.0434017 20.231604
574 -18.559654 -0.87906647 15.478046 24.182709
575 11.335718 -10.904987 19.03703 24.69465
576 -7.00296 2.3844528 -11.945291 14.050517
577 9.177486 -14.763464 6.3532143 18.508091
578 -16.500746 11.533615 17.987179 26.99699
579 -4.2625666 15.626892 -2.9888897 16.47127
580 0.15673447 -12.8043785 -18.044043 22.126097
581 0.3641491 -5.4871483 -19.12655 19.901415
582 19.259071 13.816799 15.728378 28.4464
583 -17.039867 15.30368 -18.517408 29.452574
584 0.03162384 19.576363 -1.8129101 19.660152
585 -12.78547 10.858006 -4.260252 17.30648
586 -10.865663 -13.85181 3.8266983 18.016073
587 -7.405547 -12.463387 -2.1940575 14.662606
588 -1.6625252 0.6821251 9.661133 9.826839
589 -8.844564 -2.1606617 -1.082653 9.1688
590 5.786955 -9.956253 14.489559 18.508461
591 17.261993 -13.200653 0.7329197 21.743294
592 19.017727 -3.2209873 -17.459272 26.016819
593 -2.961708 -6.291725 19.640057 20.83481
594 -3.5560017 -5.189148 -10.048882 11.855481
595 19.07204 -18.211355 5.4529343 26.928251
596 19.56366 -14.517201 1.959671 24.440258
597 12.4981 -1.6835861 -10.370049 16.327122
598 -18.890144 10.029125 9.621723 23.452047
599 19.57132 5.0799446 -19.944859 28.401403
600 19.131268 6.184101 7.4876137 21.454903
601 8.102013 3.906124 7.0046062 11.400216
602 -14.208005 -16.519537 -15.789696 26.90868
603 17.561161 9.80933 16.015377 25.712051
604 -11.702848 19.60358 10.032581 24.938118
605 -12.630864 -7.7019844 3.087761 15.112695
606 10.197361 13.80957 -12.890137 21.467323
607 1.487894 6.3509674 7.496773 9.937314
608 16.669743 -14.578899 2.3427105 22.269102
609 5.6340446 -9.638149 3.093483 11.584732
610 -1.9422722 8.920761 -6.8780537 11.430661
611 6.0245857 -8.793287 -12.722166 16.59732
612 -19.787369 12.690449 -14.059666 27.390903
613 15.614681 -14.9663105 14.489372 26.033644
614 6.702011 17.49791 1.3008728 18.782598
615 -14.482254 13.1213455 11.093109 22.471369
616 3.794096 11.13817 -5.670471 13.061708
617 -12.306388 -11.957753 -8.750605 19.261572
618 1.100647 11.458017 18.935268 22.159468
619 -2.672411 -2.0845375 6.1936455 7.060334
620 -8.805333 -19.697218 -15.587444 26.617338
621 7.6807613 -11.447553 -3.4683495 14.215133
622 -0.7017498 14.20652 -11.3835535 18.218203
623 -9.776983 9.212688 -5.3667965 14.466013
624 -1.3933487 -16.036718 -3.2924118 16.43039
625 14.820923 18.8843 18.284637 30.176224
626 -3.9717312 -8.151802 13.064999 15.9034815
627 1.351635 -0.710371 -7.5478115 7.700714
628 12.230846 -15.109558 0.5473423 19.447157
629 5.9479103 0.41373253 -13.052316 14.349626
630 -12.554558 17.954098 -17.325024 27.930681
631 0.46029663 3.7359028 -11.858162 12.441256
632 18.027313 -17.611286 -5.304573 25.754221
633 6.8346825 18.622795 -14.920112 24.821987
634 -5.4383526 -10.877569 12.62677 17.530901
635 12.522873 -1.7648678 -5.9033337 13.956592
636 -9.4220295 -3.7965431 -2.6710339 10.503467
637 16.469719 -3.809555 -5.60042 17.808117
638 -13.482313 10.515841 4.846344 17.771965
639 17.611874 -12.531772 16.714802 27.324127
640 -14.830444 18.35431 -6.868967 24.576523
641 5.643219 -17.291563 11.623934 21.586105
642 -9.700857 -10.3079605 -5.677456 15.251039
643 -15.389013 -3.2311096 -2.1139126 15.8660145
644 -3.141182 -4.4502907 -7.8901205 9.5878105
645 -5.3649244 11.994751 2.8483982 13.445067
646 -4.9794674 13.805302 -12.426458 19.23014
647 -5.9435024 5.5749245 -16.401201 18.31405
648 -19.984854 3.7375526 -16.621325 26.260847
649 14.594952 -18.858154 7.387293 24.964268
650 1.1982574 18.432 -17.91891 25.734446
651 4.173443 3.9439182 16.78667 17.741602
652 4.062042 15.3457985 -15.058813 21.880621
653 -18.743359 -9.91661 6.420679 22.155762
654 -16.239834 4.5934486 -15.711772 23.058443
655 -9.727308 -4.463976 19.84613 22.548094
656 -9.827845 -0.94452095 -1.4774971 9.983068
657 -12.588896 8.814407 2.8416996 15.628478
658 -10.711205 2.601303 6.331375 12.71153
659 -1.2655487 -2.5417786 -9.348192 9.7699
660 -17.76448 14.79998 9.568195 25.02332
661 11.992889 -11.055552 -15.647793 22.603275
662 -7.9945145 -17.757132 11.702843 22.719694
663 19.958176 -15.93013 -11.368896 27.95263
664 -13.536843 -1.3359623 19.503754 23.778715
665 7.822569 15.959793 1.1084785 17.808321
666 -3.9289417 4.618738 -14.490023 15.7076435
667 15.848522 5.4604416 -2.88447 17.009182
668 1.2646961 -2.3678303 -3.689001 4.5623245
669 -12.463797 13.870934 -12.0045595 22.177881
670 12.42828 14.97377 11.266796 22.48592
671 10.588129 -1.7067127 17.588894 20.60074
672 -14.824648 -7.7196035 -4.9501953 17.431778
673 9.148193 19.7416 16.874432 27.534826
674 -19.998615 -15.717381 -9.624966 27.195967
675 1.3803082 -14.042759 3.4201317 14.519009
676 -10.935054 19.679722 17.876095 28.74755
677 -8.907404 19.954483 -0.75500107 21.865343
678 4.1344433 -11.139928 8.598192 14.666987
679 -7.568679 19.807 10.0399 23.460642
680 -9.767915 -13.426515 3.4070873 16.949682
681 3.1707783 13.0631485 16.549679 21.321152
682 -0.75138664 -19.288605 -4.930666 19.92301
683 -13.804363 -14.100971 -14.328117 24.386322
684 11.631357 -13.646549 13.249607 22.295042
685 14.085583 4.2453117 -2.7752037 14.970907
686 -17.06443 -14.04575 -12.499033 25.391016
687 -15.224568 -14.455939 9.236879 22.936468
688 -1.4868755 15.864101 8.0666275 17.8592
689 -7.7232323 -19.853062 18.892006 28.472797
690 -8.431778 14.6959915 -13.828608 21.870012
691 -17.52408 -17.069874 9.763443 26.340061
692 -7.36887 -14.723656 -12.467764 20.652636
693 -0.726984 11.976736 -5.5938234 13.23864
694 -1.3666229 10.601463 -9.19676 14.101031
695 -14.966785 15.263203 12.699181 24.864416
696 -6.641424 -2.8538265 -18.792965 20.135252
697 -6.4925184 -8.728033 2.111786 11.08111
698 8.528725 12.521942 -5.2444725 16.032549
699 -19.900515 -6.924762 19.35802 28.613209
700 -19.506636 1.9187584 -2.7737274 19.796062
701 2.2419376 7.1186066 2.6533718 7.920936
702 -8.270026 -19.382702 -19.613258 28.788233
703 -9.591962 1.5438194 18.098076 20.54092
704 -8.086987 0.61880493 1.5003796 8.248237
705 14.862751 10.048807 13.586414 22.5049
706 -4.4725304 9.833252 -10.883001 15.334147
707 -2.7416859 -19.11229 11.1154785 22.278921
708 13.8841095 -17.454994 -9.5004635 24.242609
709 -8.138228 19.227242 6.6381187 21.908495
710 -7.464466 -16.9411 -4.8504076 19.137543
711 9.355478 14.984837 -7.6291313 19.242504
712 12.573086 -8.557118 -7.731189 17.061008
713 18.292946 -14.53785 1.3911915 23.407614
714 -19.414225 -5.8183174 -11.315185 23.21203
715 8.817001 -2.244398 10.730022 14.068057
716 12.193535 3.0666332 15.947327 20.307726
717 16.696022 10.781349 0.87467384 19.89371
718 -15.046224 -6.0785475 14.229912 21.583048
719 10.026386 -15.792809 -3.9333153 19.115757
720 7.803795 -0.32164764 -15.520383 17.374836
721 -15.929104 -10.254823 -14.1375675 23.638285
722 18.16468 -6.1125 18.693996 26.772818
723 17.811703 2.2848854 1.0388355 17.98768
724 8.017828 12.922558 2.1855545 15.364072
725 15.876026 -19.57418 -1.7754402 25.265568
726 14.349594 -6.2208614 17.984959 23.834192
727 -5.1005535 12.124573 3.625843 13.644326
728 6.0922585 11.561333 -16.224636 20.833118
729 15.684525 -3.3100586 13.768974 21.131622
730 7.6517715 6.121233 5.7124157 11.342433
731 15.026756 -9.455939 7.3491707 19.215319
732 -8.960852 -5.496216 4.70928 11.518792
733 -8.378023 -4.392277 -6.509268 11.482767
734 17.889599 -2.0386353 -9.246987 20.24106
735 -11.814461 -4.0931206 -13.855668 18.663189
736 7.0096397 -5.604542 -12.863819 15.685144
737 4.8100853 -15.107655 -5.5380163 16.794277
738 -3.5563717 -11.254063 -4.3487635 12.578293
739 -5.713398 -3.2734985 1.8632221 6.843267
740 4.0123444 -1.4986 -15.479323 16.060951
741 -8.756498 19.327202 -10.435327 23.64557
742 8.316967 18.208904 15.500275 25.317873
743 3.3194828 -9.28558 -17.607252 20.180592
744 -12.649002 -7.4800577 -1.0456104 14.732339
745 3.8875675 8.818991 -2.4398098 9.941854
746 -2.0934525 -0.82398987 -18.62031 18.755732
747 11.8061905 -10.326499 -16.167015 22.525433
748 14.629604 -3.3259506 -11.607365 18.968874
749 11.815304 -2.7994041 19.364258 22.856344
750 17.338749 4.5850353 -15.6849785 23.825895
751 19.127098 10.585949 -19.275524 29.145393
752 16.292515 -10.495536 8.853569 21.306993
753 1.5157623 13.550079 19.456104 23.757992
754 -16.466946 -13.913943 6.8513775 22.620775
755 -19.991308 7.4554043 -17.105751 27.346703
756 -2.6169872 3.7681198 19.837555 20.361137
757 12.735325 1.9496708 15.875519 20.445581
758 -6.3611736 3.1882687 5.910185 9.249858
759 7.5168247 2.1176167 8.838499 11.794321
760 -10.086945 12.499149 16.331043 22.905853
761 -0.045780182 -4.3097258 -4.4121227 6.167873
762 10.153164 13.997185 -3.624546 17.667633
763 -4.375039 -4.7414637 -1.8864536 6.7216926
764 -0.70724106 0.98825264 9.865858 9.940422
765 3.023426 -12.520233 -0.43563652 12.887479
766 -2.0540695 -8.437324 5.250881 10.147876
767 -17.440903 18.688568 1.399868 25.600925
768 16.441471 8.941107 12.87545 22.71657
769 -17.88216 -17.521011 -7.1442814 26.03456
770 10.328066 17.25285 5.997719 20.983383
771 5.4615593 -17.45338 -18.63949 26.112825
772 19.520027 -13.011215 19.157375 30.287426
773 -5.6890793 1.4475517 12.202751 13.54135
774 13.748528 6.8748055 0.40335846 15.376855
775 9.022047 -1.0290108 10.299488 13.730828
776 -14.356053 5.213024 -3.5403996 15.678211
777 -2.2002964 -15.7494 1.6729393 15.99011
778 -16.77521 11.861164 17.259068 26.832262
779 10.006748 -14.729366 14.104458 22.716183
780 7.189438 2.3152428 7.3618298 10.54727
781 -5.6888695 -12.216925 -17.717834 22.260687
782 -6.624318 -10.550217 8.6152935 15.146351
783 1.8742447 16.28888 16.624153 23.349579
784 8.663149 16.477657 0.15526772 18.61686
785 13.112713 16.293613 1.883852 20.99938
786 12.244629 9.6730385 -14.801645 21.507843
787 11.12059 -7.238329 13.897644 19.21472
788 -19.453094 4.090517 16.772152 26.00885
789 -12.270391 2.2991638 -19.446547 23.108805
790 1.593647 2.4961452 3.042776 4.2460494
791 -2.1585846 2.5413094 7.28179 8.0088825
792 -6.405677 7.19948 11.12981 14.72202
793 -12.442953 8.723873 12.911217 19.940725
794 16.123482 2.293171 7.591772 17.968315
795 0.3349762 5.368273 -6.108371 8.138965
796 -12.068541 -1.3013535 1.4096947 12.220083
797 15.384098 -7.6751003 0.3243103 17.195429
798 -0.5260258 -13.970821 -1.8628235 14.104278
799 7.1651497 15.450581 15.346851 22.925655
800 15.820057 12.731674 -18.77276 27.65477
801 -9.410907 5.9133625 12.633331 16.82659
802 -4.1371336 -16.159857 -17.963066 24.513844
803 -0.85980225 11.141451 16.40767 19.851519
804 -6.9314528 -8.444857 1.4632759 11.022786
805 11.823486 4.041731 -15.286662 19.74367
806 -7.7409096 0.06372452 -13.745867 15.77576
807 -15.155247 -6.640315 -17.063824 23.768663
808 -19.527084 -19.365019 -9.39637 29.06205
809 -10.579652 -0.005022049 -14.501342 17.95043
810 -0.31842995 3.2105732 -19.747606 20.009426
811 -11.843743 19.326374 12.687012 25.97582
812 11.773508 -6.049818 -4.2956657 13.916484
813 -16.101715 -12.600671 3.7760372 20.79184
814 14.087555 3.6452084 -10.882424 18.170687
815 -11.692457 18.935562 6.396246 23.155582
816 -14.780085 13.855648 12.885883 24.00991
817 13.229275 -1.8473396 10.414085 16.93752
818 17.540901 -0.47423172 18.391537 25.419613
819 4.084093 -2.3015575 -14.74246 15.469877
820 18.761677 0.8153534 5.2971344 19.512175
821 -18.22852 -7.806654 -10.24537 22.320179
822 12.487328 11.055511 -3.5970097 17.06154
823 9.829292 -16.669378 -6.405834 20.384256
824 14.95911 -14.157935 -9.49726 22.68083
825 -18.994423 3.9498806 16.226414 25.292017
826 -4.3826447 -8.336043 -4.378168 10.385835
827 -7.69347 -9.630415 3.4051533 12.787863
828 14.234161 -12.696335 -11.812111 22.435112
829 -4.7655888 2.8670044 -10.020442 11.460359
830 17.370499 -7.728854 -5.4925823 19.789843
831 9.299541 -19.433533 12.596336 24.956188
832 2.4148846 12.000198 10.918701 16.40288
833 -11.748687 -15.02736 -9.128815 21.146832
834 -13.344306 19.893585 -14.194727 27.844488
835 15.694317 -19.223295 16.118702 29.59154
836 -14.952679 -17.30665 3.6301823 23.15774
837 15.908634 -18.870253 11.511627 27.233961
838 17.579105 -3.907545 -16.876713 24.680302
839 8.918385 -13.756442 11.582409 20.073103
840 2.3004074 15.15694 -11.714113 19.293655
841 1.4799023 0.14979362 -17.785486 17.847578
842 -19.72757 2.5427208 10.695946 22.58419
843 -13.551319 14.948532 -14.556231 24.879322
844 -8.489807 -11.696557 14.761841 20.659096
845 -0.676466 5.6736927 -3.0758133 6.4891467
846 4.312544 17.867523 16.750359 24.868069
847 -1.3672829 -8.424026 15.226067 17.454706
848 -14.54657 -19.64535 -12.185649 27.313595
849 -17.70173 18.959103 4.203388 26.276743
850 14.8580475 -9.462775 -12.660059 21.69292
851 4.531971 4.451954 -1.3968124 6.5045934
852 13.950073 -14.82304 -14.978774 25.272331
853 -14.42583 2.5150108 16.46611 22.035486
854 -16.908108 11.936699 1.3580208 20.74158
855 -15.910675 2.9281654 14.659264 21.831575
856 -0.6028538 4.006077 12.041023 12.704265
857 6.462534 -2.4918442 -17.24792 18.586672
858 13.068459 -13.587588 13.942574 23.447868
859 7.975933 18.237583 -13.140413 23.851526
860 -5.597419 -0.78804207 -11.485101 12.800768
861 7.598789 -7.2156143 11.386341 15.474348
862 4.283411 16.322422 14.888184 22.503935
863 -0.096961975 -3.3281784 12.003338 12.456576
864 -9.030646 -3.1899834 -8.432945 12.761001
865 0.6705208 -4.684202 12.907616 13.74765
866 3.8152027 -0.70516014 5.324259 6.587925
867 -9.652027 -8.080126 -12.689848 17.874067
868 -11.770999 -19.794998 -16.927223 28.581974
869 18.195778 -5.7035265 2.7027988 19.259327
870 18.840157 -8.575922 -14.448307 25.243841
871 5.58585 -14.25395 -19.88302 25.09405
872 -8.142413 0.31160736 -3.6833057 8.942188
873 13.085949 -17.89688 16.943447 27.903776
874 -18.76416 -5.5772305 -15.662046 25.06988
875 0.80646324 3.6227112 -5.8244133 6.9063888
876 1.1393547 -3.5617867 6.928625 7.8733916
877 19.904198 17.71503 11.666595 29.08795
878 0.3719883 19.396412 0.96588135 19.424007
879 11.257122 19.873604 7.163246 23.937315
880 -0.37417793 -4.390835 17.075447 17.634918
881 -14.521348 -16.347937 -1.2411156 21.901255
882 -12.890373 -18.16846 -11.30923 24.98306
883 -15.095821 8.33905 2.4716034 17.422182
884 3.976181 -7.4804344 -10.223352 13.277192
885 4.41181 -3.1054935 -11.547176 12.745408
886 11.737385 -2.7374477 7.76947 14.339613
887 15.252983 -14.938389 3.7384014 21.674515
888 -1.8436832 -12.531187 -7.615164 14.7790575
889 -5.2701263 4.837063 -11.696793 13.710813
890 -17.284851 10.24497 -6.398226 21.087029
891 9.137552 5.5937405 1.9093094 10.882566
892 -15.990263 -15.551579 18.737885 29.13157
893 7.708559 -13.776336 -3.379654 16.144081
894 -1.8404713 15.803764 0.19983482 15.911827
895 -6.048071 -13.615875 -14.127384 20.531784
896 -11.445578 12.822094 -0.6595974 17.20007
897 -10.517487 2.3309593 16.02692 19.310957
898 11.373198 -11.729639 -17.024235 23.595734
899 2.9333897 3.7012577 18.101746 18.70768
900 -3.5562668 -7.38019 14.421429 16.585892
901 8.421665 -5.857933 -7.794056 12.883599
902 18.261139 8.419247 14.45475 24.764748
903 -6.8730116 1.0188694 15.211277 16.723019
904 11.855412 10.355965 -1.5514431 15.81783
905 5.6251144 14.967724 -6.729992 17.348413
906 18.34763 17.039982 -9.552712 26.800201
907 -14.558071 -16.21123 -8.771021 23.487703
908 -19.024132 19.323383 11.717667 29.540049
909 -14.6021385 -13.244238 19.341366 27.6174
910 -7.27701 8.677519 -5.0217876 12.388405
911 14.1470375 -8.69741 -2.2156734 16.75389
912 -17.562714 -1.6547356 9.5229645 20.046793
913 10.050598 -8.351091 -5.021963 13.99912
914 -14.800633 15.697296 9.6100235 23.618137
915 -18.510654 5.478182 9.002396 21.300186
916 7.3079453 -12.322413 -15.875984 21.384453
917 -15.564636 -14.136383 14.223103 25.384874
918 9.2985935 16.705944 18.942886 26.914408
919 16.631847 17.972672 13.416294 27.921894
920 -12.450124 -3.0176315 -3.3383503 13.238439
921 18.54483 4.1215534 -18.400993 26.447958
922 7.4340477 -19.508852 -13.0288515 24.60917
923 13.755585 14.364517 -16.118704 25.600157
924 14.940941 10.316889 -17.985256 25.556591
925 8.713955 -16.533558 -16.8629 25.172384
926 13.506256 8.759825 -17.472954 23.758318
927 15.465263 12.742073 -1.1680107 20.072346
928 0.38204193 -14.876413 17.042107 22.62492
929 1.869873 12.960777 9.670059 16.278458
930 -11.43188 -12.375219 -16.83657 23.818146
931 16.68428 18.796383 -3.6277313 25.393496
932 -0.13050842 16.288788 -4.525154 16.906172
933 19.148655 -17.981339 3.620451 26.516169
934 -19.99245 -1.4298897 10.574898 22.662107
935 15.474449 0.7337761 17.345406 23.2564
936 -0.16130257 17.986485 -10.416388 20.78559
937 14.745167 -6.0616665 15.25536 22.065578
938 -4.962425 -18.66732 0.67713547 19.32752
939 11.777994 -1.1984711 9.076431 14.917744
940 -7.3218517 16.139748 -7.2309856 19.141266
941 9.296734 17.606667 -14.13096 24.415323
942 -4.6693974 17.82521 14.417767 23.396868
943 -8.575127 -13.141663 16.445011 22.730474
944 -2.7764664 14.501793 12.302441 19.218761
945 -18.776758 -11.458623 -9.23362 23.856369
946 -16.922266 8.915993 -12.809687 23.020557
947 -4.5399303 8.065212 -7.597315 11.974048
948 9.612303 0.23366737 -10.233073 14.041608
949 13.714291 3.343029 -6.5404987 15.557498
950 4.8309517 15.51157 -6.943021 17.667835
951 14.871735 -1.2892418 -18.31855 23.630487
952 14.601467 2.7729454 -12.447053 19.386108
953 -3.6704044 -8.257098 -0.97691345 9.0887785
954 -15.014374 8.043762 19.957684 26.238192
955 14.811539 -17.103642 -12.726681 25.959288
956 -17.910591 3.148241 4.9182205 18.838512
957 5.408043 12.547928 3.233181 14.041042
958 -5.5148993 18.086922 0.7441311 18.92365
959 -1.440485 13.036648 7.7150955 15.216829
960 15.408932 3.0490894 15.708721 22.214771
961 -1.7068081 7.2444134 -1.9833012 7.7024803
962 3.981657 0.48138046 -5.875147 7.113555
963 -19.053432 3.908453 8.791277 21.344692
964 -2.6714287 -8.462261 -17.995735 20.064718
965 15.183266 -3.9166222 -11.979467 19.73269
966 6.589842 17.049545 17.910782 25.591192
967 -16.675182 -13.611113 -2.0687313 21.624147
968 -11.618824 16.856216 -3.4026737 20.753489
969 -9.344064 -13.72666 -15.621069 22.798038
970 -18.279282 -3.6022663 8.417719 20.444227
971 -2.775467 15.5626335 7.2414227 17.38784
972 -16.470839 -19.575413 12.664009 28.545795
973 7.819044 9.226967 18.943283 22.474926
974 3.4586353 15.978104 -10.395135 19.373198
975 -4.608383 1.1776714 -18.907145 19.496262
976 -2.4257832 2.2869568 -17.00278 17.326544
977 16.202656 -16.73645 -14.123725 27.241777
978 9.172005 3.6033783 -1.9537144 10.046244
979 7.286417 -9.675945 -11.392469 16.628414
980 -7.7480965 -2.4667854 -1.2857513 8.232326
981 13.483528 -11.205153 -12.438401 21.495926
982 -8.603896 -5.103672 16.100399 18.955141
983 -1.4171104 7.874338 7.122278 10.711687
984 -15.682859 11.617638 5.472185 20.26984
985 -16.33094 12.188362 -12.313727 23.809319
986 -16.37414 -5.48971 2.2801857 17.419777
987 18.96775 6.539242 -9.810976 22.333662
988 -3.6722775 8.467237 0.72055817 9.257372
989 -7.4179935 -4.296073 15.742886 17.925438
990 8.4976845 8.3994465 1.8519802 12.090954
991 10.588078 5.3753586 13.827435 18.226349
992 -17.215733 12.789864 -1.32341 21.487518
993 19.41296 6.487564 16.176346 26.088802
994 -13.307787 7.241802 -16.305033 22.257471
995 -9.313597 1.7052097 -1.169693 9.540388
996 18.089073 19.708992 -5.8257656 27.378796
997 5.9081726 13.852661 12.072224 19.301329
998 -1.7662773 2.8236752 -6.9955873 7.7479753
999 1.5324287 -17.084032 4.379347 17.702858
